 0.00000000e+00  7.35882000e-07 
 0.00000000e+00  6.13938000e-07 
 0.00000000e+00  1.18818000e-06 
 0.00000000e+00  5.99131000e-07 
 1.00000000e+00  5.09402000e-07 
 1.00000000e+00  4.27864000e-07 
 1.00000000e+00  8.60845000e-07 
 1.00000000e+00  4.13599000e-07 
 2.00000000e+00  5.21809000e-07 
 2.00000000e+00  4.38354000e-07 
 2.00000000e+00  8.79463000e-07 
 2.00000000e+00  4.23893000e-07 
 3.00000000e+00  6.84423000e-07 
 3.00000000e+00  5.72021000e-07 
 3.00000000e+00  1.11560000e-06 
 3.00000000e+00  5.57047000e-07 
