 1.00000000e-02  9.31741276e-08 
 2.00000000e-02  1.73847678e-07 
 3.00000000e-02  2.42831257e-07 
 4.00000000e-02  3.01121881e-07 
 5.00000000e-02  3.49885932e-07 
 6.00000000e-02  3.90406803e-07 
 7.00000000e-02  4.24005256e-07 
 8.00000000e-02  4.51950897e-07 
 9.00000000e-02  4.75388173e-07 
 1.00000000e-01  4.95292370e-07 
 1.10000000e-01  5.12457672e-07 
 1.20000000e-01  5.27509173e-07 
 1.30000000e-01  5.40927615e-07 
 1.40000000e-01  5.53077642e-07 
 1.50000000e-01  5.64234081e-07 
 1.60000000e-01  5.74603936e-07 
 1.70000000e-01  5.84343667e-07 
 1.80000000e-01  5.93572294e-07 
 1.90000000e-01  6.02381111e-07 
 2.00000000e-01  6.10840817e-07 
 2.10000000e-01  6.19006727e-07 
 2.20000000e-01  6.26922579e-07 
 2.30000000e-01  6.34623320e-07 
 2.40000000e-01  6.42137175e-07 
 2.50000000e-01  6.49487162e-07 
 2.60000000e-01  6.56692245e-07 
 2.70000000e-01  6.63768192e-07 
 2.80000000e-01  6.70728226e-07 
 2.90000000e-01  6.77583534e-07 
 3.00000000e-01  6.84343651e-07 
 3.10000000e-01  6.91016762e-07 
 3.20000000e-01  6.97609943e-07 
 3.30000000e-01  7.04129347e-07 
 3.40000000e-01  7.10580354e-07 
 3.50000000e-01  7.16967691e-07 
 3.60000000e-01  7.23295531e-07 
 3.70000000e-01  7.29567572e-07 
 3.80000000e-01  7.35787098e-07 
 3.90000000e-01  7.41957037e-07 
 4.00000000e-01  7.48080001e-07 
 4.10000000e-01  7.54158323e-07 
 4.20000000e-01  7.60194088e-07 
 4.30000000e-01  7.66189154e-07 
 4.40000000e-01  7.72145177e-07 
 4.50000000e-01  7.78063620e-07 
 4.60000000e-01  7.83945775e-07 
 4.70000000e-01  7.89792763e-07 
 4.80000000e-01  7.95605549e-07 
 4.90000000e-01  8.01384942e-07 
 5.00000000e-01  8.07131601e-07 
 5.10000000e-01  8.12846032e-07 
 5.20000000e-01  8.18528585e-07 
 5.30000000e-01  8.24179451e-07 
 5.40000000e-01  8.29798655e-07 
 5.50000000e-01  8.35386042e-07 
 5.60000000e-01  8.40941263e-07 
 5.70000000e-01  8.46463762e-07 
 5.80000000e-01  8.51952746e-07 
 5.90000000e-01  8.57407164e-07 
 6.00000000e-01  8.62825669e-07 
 6.10000000e-01  8.68206583e-07 
 6.20000000e-01  8.73547841e-07 
 6.30000000e-01  8.78846945e-07 
 6.40000000e-01  8.84100886e-07 
 6.50000000e-01  8.89306076e-07 
 6.60000000e-01  8.94458247e-07 
 6.70000000e-01  8.99552358e-07 
 6.80000000e-01  9.04582474e-07 
 6.90000000e-01  9.09541641e-07 
 7.00000000e-01  9.14421756e-07 
 7.10000000e-01  9.19213431e-07 
 7.20000000e-01  9.23905881e-07 
 7.30000000e-01  9.28486824e-07 
 7.40000000e-01  9.32942444e-07 
 7.50000000e-01  9.37257431e-07 
 7.60000000e-01  9.41415126e-07 
 7.70000000e-01  9.45397821e-07 
 7.80000000e-01  9.49187236e-07 
 7.90000000e-01  9.52765195e-07 
 8.00000000e-01  9.56114500e-07 
 8.10000000e-01  9.59219998e-07 
 8.20000000e-01  9.62069764e-07 
 8.30000000e-01  9.64656326e-07 
 8.40000000e-01  9.66977772e-07 
 8.50000000e-01  9.69038558e-07 
 8.60000000e-01  9.70849784e-07 
 8.70000000e-01  9.72428749e-07 
 8.80000000e-01  9.73797725e-07 
 8.90000000e-01  9.74982110e-07 
 9.00000000e-01  9.76008339e-07 
 9.10000000e-01  9.76901960e-07 
 9.20000000e-01  9.77686229e-07 
 9.30000000e-01  9.78381325e-07 
 9.40000000e-01  9.79004134e-07 
 9.50000000e-01  9.79568415e-07 
 9.60000000e-01  9.80085186e-07 
 9.70000000e-01  9.80563171e-07 
 9.80000000e-01  9.81009247e-07 
 9.90000000e-01  9.81428833e-07 
 1.00000000e+00  9.81826206e-07 
 1.01000000e+00  9.82204762e-07 
 1.02000000e+00  9.82567214e-07 
 1.03000000e+00  9.82915747e-07 
 1.04000000e+00  9.83252134e-07 
 1.05000000e+00  9.83577826e-07 
 1.06000000e+00  9.83894024e-07 
 1.07000000e+00  9.84201727e-07 
 1.08000000e+00  9.84501776e-07 
 1.09000000e+00  9.84794884e-07 
 1.10000000e+00  9.85081657e-07 
 1.11000000e+00  9.85362621e-07 
 1.12000000e+00  9.85638229e-07 
 1.13000000e+00  9.85908877e-07 
 1.14000000e+00  9.86174914e-07 
 1.15000000e+00  9.86436646e-07 
 1.16000000e+00  9.86694346e-07 
 1.17000000e+00  9.86948260e-07 
 1.18000000e+00  9.87198605e-07 
 1.19000000e+00  9.87445578e-07 
 1.20000000e+00  9.87689359e-07 
 1.21000000e+00  9.87930109e-07 
 1.22000000e+00  9.88167977e-07 
 1.23000000e+00  9.88403097e-07 
 1.24000000e+00  9.88635594e-07 
 1.25000000e+00  9.88865583e-07 
 1.26000000e+00  9.89093168e-07 
 1.27000000e+00  9.89318448e-07 
 1.28000000e+00  9.89541513e-07 
 1.29000000e+00  9.89762448e-07 
 1.30000000e+00  9.89981330e-07 
 1.31000000e+00  9.90198234e-07 
 1.32000000e+00  9.90413228e-07 
 1.33000000e+00  9.90626376e-07 
 1.34000000e+00  9.90837738e-07 
 1.35000000e+00  9.91047372e-07 
 1.36000000e+00  9.91255331e-07 
 1.37000000e+00  9.91461664e-07 
 1.38000000e+00  9.91666420e-07 
 1.39000000e+00  9.91869643e-07 
 1.40000000e+00  9.92071376e-07 
 1.41000000e+00  9.92271659e-07 
 1.42000000e+00  9.92470531e-07 
 1.43000000e+00  9.92668028e-07 
 1.44000000e+00  9.92864183e-07 
 1.45000000e+00  9.93059031e-07 
 1.46000000e+00  9.93252602e-07 
 1.47000000e+00  9.93444927e-07 
 1.48000000e+00  9.93636033e-07 
 1.49000000e+00  9.93825947e-07 
 1.50000000e+00  9.94014697e-07 
 1.51000000e+00  9.94202306e-07 
 1.52000000e+00  9.94388798e-07 
 1.53000000e+00  9.94574196e-07 
 1.54000000e+00  9.94758523e-07 
 1.55000000e+00  9.94941798e-07 
 1.56000000e+00  9.95124042e-07 
 1.57000000e+00  9.95305275e-07 
 1.58000000e+00  9.95485514e-07 
 1.59000000e+00  9.95664778e-07 
 1.60000000e+00  9.95843084e-07 
 1.61000000e+00  9.96020449e-07 
 1.62000000e+00  9.96196888e-07 
 1.63000000e+00  9.96372417e-07 
 1.64000000e+00  9.96547050e-07 
 1.65000000e+00  9.96720802e-07 
 1.66000000e+00  9.96893687e-07 
 1.67000000e+00  9.97065719e-07 
 1.68000000e+00  9.97236909e-07 
 1.69000000e+00  9.97407271e-07 
 1.70000000e+00  9.97576816e-07 
 1.71000000e+00  9.97745556e-07 
 1.72000000e+00  9.97913504e-07 
 1.73000000e+00  9.98080668e-07 
 1.74000000e+00  9.98247061e-07 
 1.75000000e+00  9.98412693e-07 
 1.76000000e+00  9.98577573e-07 
 1.77000000e+00  9.98741711e-07 
 1.78000000e+00  9.98905117e-07 
 1.79000000e+00  9.99067800e-07 
 1.80000000e+00  9.99229768e-07 
 1.81000000e+00  9.99391031e-07 
 1.82000000e+00  9.99551597e-07 
 1.83000000e+00  9.99711474e-07 
 1.84000000e+00  9.99870670e-07 
 1.85000000e+00  1.00002919e-06 
 1.86000000e+00  1.00018705e-06 
 1.87000000e+00  1.00034425e-06 
 1.88000000e+00  1.00050079e-06 
 1.89000000e+00  1.00065670e-06 
 1.90000000e+00  1.00081196e-06 
 1.91000000e+00  1.00096660e-06 
 1.92000000e+00  1.00112061e-06 
 1.93000000e+00  1.00127401e-06 
 1.94000000e+00  1.00142679e-06 
 1.95000000e+00  1.00157896e-06 
 1.96000000e+00  1.00173054e-06 
 1.97000000e+00  1.00188153e-06 
 1.98000000e+00  1.00203192e-06 
 1.99000000e+00  1.00218173e-06 
 2.00000000e+00  1.00233097e-06 
 2.01000000e+00  1.00247963e-06 
 2.02000000e+00  1.00262773e-06 
 2.03000000e+00  1.00277527e-06 
 2.04000000e+00  1.00292225e-06 
 2.05000000e+00  1.00306868e-06 
 2.06000000e+00  1.00321456e-06 
 2.07000000e+00  1.00335990e-06 
 2.08000000e+00  1.00350470e-06 
 2.09000000e+00  1.00364897e-06 
 2.10000000e+00  1.00379271e-06 
 2.11000000e+00  1.00393593e-06 
 2.12000000e+00  1.00407863e-06 
 2.13000000e+00  1.00422081e-06 
 2.14000000e+00  1.00436248e-06 
 2.15000000e+00  1.00450365e-06 
 2.16000000e+00  1.00464431e-06 
 2.17000000e+00  1.00478447e-06 
 2.18000000e+00  1.00492413e-06 
 2.19000000e+00  1.00506331e-06 
 2.20000000e+00  1.00520199e-06 
 2.21000000e+00  1.00534019e-06 
 2.22000000e+00  1.00547792e-06 
 2.23000000e+00  1.00561516e-06 
 2.24000000e+00  1.00575193e-06 
 2.25000000e+00  1.00588823e-06 
 2.26000000e+00  1.00602406e-06 
 2.27000000e+00  1.00615943e-06 
 2.28000000e+00  1.00629434e-06 
 2.29000000e+00  1.00642880e-06 
 2.30000000e+00  1.00656280e-06 
 2.31000000e+00  1.00669634e-06 
 2.32000000e+00  1.00682945e-06 
 2.33000000e+00  1.00696210e-06 
 2.34000000e+00  1.00709432e-06 
 2.35000000e+00  1.00722610e-06 
 2.36000000e+00  1.00735744e-06 
 2.37000000e+00  1.00748835e-06 
 2.38000000e+00  1.00761883e-06 
 2.39000000e+00  1.00774889e-06 
 2.40000000e+00  1.00787852e-06 
 2.41000000e+00  1.00800772e-06 
 2.42000000e+00  1.00813652e-06 
 2.43000000e+00  1.00826489e-06 
 2.44000000e+00  1.00839285e-06 
 2.45000000e+00  1.00852040e-06 
 2.46000000e+00  1.00864755e-06 
 2.47000000e+00  1.00877429e-06 
 2.48000000e+00  1.00890062e-06 
 2.49000000e+00  1.00902656e-06 
 2.50000000e+00  1.00915210e-06 
 2.51000000e+00  1.00927724e-06 
 2.52000000e+00  1.00940199e-06 
 2.53000000e+00  1.00952635e-06 
 2.54000000e+00  1.00965033e-06 
 2.55000000e+00  1.00977391e-06 
 2.56000000e+00  1.00989712e-06 
 2.57000000e+00  1.01001994e-06 
 2.58000000e+00  1.01014239e-06 
 2.59000000e+00  1.01026445e-06 
 2.60000000e+00  1.01038615e-06 
 2.61000000e+00  1.01050747e-06 
 2.62000000e+00  1.01062842e-06 
 2.63000000e+00  1.01074901e-06 
 2.64000000e+00  1.01086923e-06 
 2.65000000e+00  1.01098909e-06 
 2.66000000e+00  1.01110858e-06 
 2.67000000e+00  1.01122772e-06 
 2.68000000e+00  1.01134650e-06 
 2.69000000e+00  1.01146493e-06 
 2.70000000e+00  1.01158301e-06 
 2.71000000e+00  1.01170073e-06 
 2.72000000e+00  1.01181811e-06 
 2.73000000e+00  1.01193514e-06 
 2.74000000e+00  1.01205182e-06 
 2.75000000e+00  1.01216817e-06 
 2.76000000e+00  1.01228417e-06 
 2.77000000e+00  1.01239984e-06 
 2.78000000e+00  1.01251517e-06 
 2.79000000e+00  1.01263017e-06 
 2.80000000e+00  1.01274483e-06 
 2.81000000e+00  1.01285917e-06 
 2.82000000e+00  1.01297317e-06 
 2.83000000e+00  1.01308686e-06 
 2.84000000e+00  1.01320021e-06 
 2.85000000e+00  1.01331325e-06 
 2.86000000e+00  1.01342597e-06 
 2.87000000e+00  1.01353837e-06 
 2.88000000e+00  1.01365045e-06 
 2.89000000e+00  1.01376222e-06 
 2.90000000e+00  1.01387368e-06 
 2.91000000e+00  1.01398483e-06 
 2.92000000e+00  1.01409567e-06 
 2.93000000e+00  1.01420621e-06 
 2.94000000e+00  1.01431644e-06 
 2.95000000e+00  1.01442638e-06 
 2.96000000e+00  1.01453601e-06 
 2.97000000e+00  1.01464535e-06 
 2.98000000e+00  1.01475440e-06 
 2.99000000e+00  1.01486315e-06 
 3.00000000e+00  1.01497161e-06 
 3.01000000e+00  1.01507979e-06 
 3.02000000e+00  1.01518768e-06 
 3.03000000e+00  1.01529529e-06 
 3.04000000e+00  1.01540262e-06 
 3.05000000e+00  1.01550967e-06 
 3.06000000e+00  1.01561645e-06 
 3.07000000e+00  1.01572295e-06 
 3.08000000e+00  1.01582919e-06 
 3.09000000e+00  1.01593515e-06 
 3.10000000e+00  1.01604086e-06 
 3.11000000e+00  1.01614630e-06 
 3.12000000e+00  1.01625148e-06 
 3.13000000e+00  1.01635641e-06 
 3.14000000e+00  1.01646109e-06 
 3.15000000e+00  1.01656552e-06 
 3.16000000e+00  1.01666970e-06 
 3.17000000e+00  1.01677363e-06 
 3.18000000e+00  1.01687733e-06 
 3.19000000e+00  1.01698080e-06 
 3.20000000e+00  1.01708403e-06 
 3.21000000e+00  1.01718703e-06 
 3.22000000e+00  1.01728980e-06 
 3.23000000e+00  1.01739236e-06 
 3.24000000e+00  1.01749469e-06 
 3.25000000e+00  1.01759682e-06 
 3.26000000e+00  1.01769873e-06 
 3.27000000e+00  1.01780045e-06 
 3.28000000e+00  1.01790196e-06 
 3.29000000e+00  1.01800327e-06 
 3.30000000e+00  1.01810440e-06 
